beta.logitP <-
c(-3.42138984576406, 0)
tauP <-
118.672978587064
bU <-
c(`SplineDesign[tmp1, ]1` = 3.71323211265511, `SplineDesign[tmp1, ]2` = 3.16381879576933, 
`SplineDesign[tmp1, ]3` = 3.87964086681268, `SplineDesign[tmp1, ]4` = 2.9002458247265, 
`SplineDesign[tmp1, ]5` = 4.12960454309651, `SplineDesign[tmp1, ]6` = 2.29972021753081, 
`SplineDesign[tmp1, ]7` = 6.78837819499085, `SplineDesign[tmp1, ]8` = 6.01862807921756, 
`SplineDesign[tmp1, ]9` = 7.1722202618993, `SplineDesign[tmp1, ]10` = 7.08792689623288, 
`SplineDesign[tmp1, ]11` = 7.73108263571907, `SplineDesign[tmp1, ]12` = 9.27863250389579, 
`SplineDesign[tmp1, ]13` = 8.48820392530828, `SplineDesign[tmp1, ]14` = 9.66591015026644, 
`SplineDesign[tmp1, ]15` = 7.3331275472737, `SplineDesign[tmp1, ]16` = 7.60070002141036, 
`SplineDesign[tmp1, ]17` = 7.32954424472356, `SplineDesign[tmp1, ]18` = 8.20033352266945, 
`SplineDesign[tmp1, ]19` = 8.92255585803743, `SplineDesign[tmp1, ]20` = 8.83865419328135, 
`SplineDesign[tmp1, ]21` = 6.5487008402498, `SplineDesign[tmp1, ]22` = 7.75924485665371, 
`SplineDesign[tmp1, ]23` = 8.18826755748701, `SplineDesign[tmp1, ]24` = 5.04644372597677, 
`SplineDesign[tmp1, ]25` = 8.23784687625493, `SplineDesign[tmp1, ]26` = 7.40790729580397, 
`SplineDesign[tmp1, ]27` = 7.66931490776143, `SplineDesign[tmp1, ]28` = 7.77831964707854, 
`SplineDesign[tmp1, ]29` = 6.76605499247475, `SplineDesign[tmp1, ]30` = 7.85880279071942, 
`SplineDesign[tmp1, ]31` = 2.44620059431934, `SplineDesign[tmp1, ]32` = 9.19763001321274, 
`SplineDesign[tmp1, ]33` = 7.34631872278724, `SplineDesign[tmp1, ]34` = 6.80621339307187, 
`SplineDesign[tmp1, ]35` = 1.04154004041887, `SplineDesign[tmp1, ]36` = 441.255531403079, 
`SplineDesign[tmp1, ]37` = 86.9969569842922, `SplineDesign[tmp1, ]38` = 12.554291346135, 
`SplineDesign[tmp1, ]39` = 12.554291346135, `SplineDesign[tmp1, ]40` = 41.312598265835, 
`SplineDesign[tmp1, ]41` = 0.491226408003578, `SplineDesign[tmp1, ]42` = 13.689592127905, 
`SplineDesign[tmp1, ]43` = 6.14567319909656, `SplineDesign[tmp1, ]44` = 7.93600583386454, 
`SplineDesign[tmp1, ]45` = 7.17234722087498, `SplineDesign[tmp1, ]46` = 4.289780877163, 
`SplineDesign[tmp1, ]47` = 11.4986862883698, `SplineDesign[tmp1, ]48` = 8.61514488069954, 
`SplineDesign[tmp1, ]49` = 8.74693485029724, `SplineDesign[tmp1, ]50` = 7.52051703595103, 
`SplineDesign[tmp1, ]51` = 8.36687943865399, `SplineDesign[tmp1, ]52` = 7.40614952667354, 
`SplineDesign[tmp1, ]53` = 9.67342411716458, `SplineDesign[tmp1, ]54` = -3.28301168159677, 
`SplineDesign[tmp1, ]55` = 12.554291346135, `SplineDesign[tmp1, ]56` = 12.554291346135, 
`SplineDesign[tmp1, ]57` = 12.554291346135, `SplineDesign[tmp1, ]58` = 12.554291346135, 
`SplineDesign[tmp1, ]59` = 12.554291346135, `SplineDesign[tmp1, ]60` = 12.554291346135, 
`SplineDesign[tmp1, ]61` = 12.554291346135, `SplineDesign[tmp1, ]62` = 12.554291346135, 
`SplineDesign[tmp1, ]63` = 12.554291346135, `SplineDesign[tmp1, ]64` = 12.554291346135, 
`SplineDesign[tmp1, ]65` = 12.554291346135, `SplineDesign[tmp1, ]66` = 12.554291346135, 
`SplineDesign[tmp1, ]67` = 12.554291346135, `SplineDesign[tmp1, ]68` = 12.554291346135, 
`SplineDesign[tmp1, ]69` = 12.554291346135, `SplineDesign[tmp1, ]70` = 12.554291346135, 
`SplineDesign[tmp1, ]71` = 12.554291346135, `SplineDesign[tmp1, ]72` = 12.554291346135, 
`SplineDesign[tmp1, ]73` = 12.554291346135, `SplineDesign[tmp1, ]74` = 12.554291346135, 
`SplineDesign[tmp1, ]75` = 12.554291346135, `SplineDesign[tmp1, ]76` = -34.4154412804471, 
`SplineDesign[tmp1, ]77` = 9.95438683205241, `SplineDesign[tmp1, ]78` = 6.25917205666051, 
`SplineDesign[tmp1, ]79` = 8.47426147653259, `SplineDesign[tmp1, ]80` = 5.78326292489013, 
`SplineDesign[tmp1, ]81` = 8.12343505396413, `SplineDesign[tmp1, ]82` = 4.29977341550094, 
`SplineDesign[tmp1, ]83` = 6.57567464668023, `SplineDesign[tmp1, ]84` = 7.89604449110672, 
`SplineDesign[tmp1, ]85` = 10.1626118318967, `SplineDesign[tmp1, ]86` = 7.03810409958416, 
`SplineDesign[tmp1, ]87` = 8.13804749938035, `SplineDesign[tmp1, ]88` = 7.09449623202591, 
`SplineDesign[tmp1, ]89` = 4.92841476670518, `SplineDesign[tmp1, ]90` = 6.31753019719615, 
`SplineDesign[tmp1, ]91` = 6.0579172487965, `SplineDesign[tmp1, ]92` = 6.89183660621973, 
`SplineDesign[tmp1, ]93` = 5.93273252301985, `SplineDesign[tmp1, ]94` = 9.18211489374552, 
`SplineDesign[tmp1, ]95` = 4.22869093589876, `SplineDesign[tmp1, ]96` = 6.70459608628899, 
`SplineDesign[tmp1, ]97` = 4.84509738846232, `SplineDesign[tmp1, ]98` = 7.36170499605447, 
`SplineDesign[tmp1, ]99` = 5.69434417830816, `SplineDesign[tmp1, ]100` = 5.99056211676194, 
`SplineDesign[tmp1, ]101` = 3.61435191528042, `SplineDesign[tmp1, ]102` = 4.88917210816146, 
`SplineDesign[tmp1, ]103` = 3.66050880570862, `SplineDesign[tmp1, ]104` = 3.70400251906491, 
`SplineDesign[tmp1, ]105` = 3.85604861643084, `SplineDesign[tmp1, ]106` = 3.33870451445585, 
`SplineDesign[tmp1, ]107` = 3.50290995284143)
tauU <-
0.000110825295517889
taueU <-
1.50616532046408
