beta.logitP <-
c(-1.67128558624747, 0)
tauP <-
93.2332542120096
bU <-
c(`SplineDesign[tmp1, ]1` = 2.21699579395608, `SplineDesign[tmp1, ]2` = 1.61388207155997, 
`SplineDesign[tmp1, ]3` = 2.40592998816428, `SplineDesign[tmp1, ]4` = 1.30557110444121, 
`SplineDesign[tmp1, ]5` = 2.64799541036784, `SplineDesign[tmp1, ]6` = 0.752627480260989, 
`SplineDesign[tmp1, ]7` = 5.17354307161154, `SplineDesign[tmp1, ]8` = 4.41294460816954, 
`SplineDesign[tmp1, ]9` = 5.56492508381648, `SplineDesign[tmp1, ]10` = 5.47975376663164, 
`SplineDesign[tmp1, ]11` = 6.12339026302034, `SplineDesign[tmp1, ]12` = 7.66838282984361, 
`SplineDesign[tmp1, ]13` = 6.87992461432343, `SplineDesign[tmp1, ]14` = 8.05599423427115, 
`SplineDesign[tmp1, ]15` = 5.72570089688051, `SplineDesign[tmp1, ]16` = 5.9923890406219, 
`SplineDesign[tmp1, ]17` = 5.72117490515075, `SplineDesign[tmp1, ]18` = 6.59214331183886, 
`SplineDesign[tmp1, ]19` = 7.31267926281819, `SplineDesign[tmp1, ]20` = 7.22993992785603, 
`SplineDesign[tmp1, ]21` = 4.93993883338643, `SplineDesign[tmp1, ]22` = 6.15187808597259, 
`SplineDesign[tmp1, ]23` = 6.57764468886975, `SplineDesign[tmp1, ]24` = 3.44348788216127, 
`SplineDesign[tmp1, ]25` = 6.62818907943528, `SplineDesign[tmp1, ]26` = 5.7996436172906, 
`SplineDesign[tmp1, ]27` = 6.0613405214193, `SplineDesign[tmp1, ]28` = 6.17023960684362, 
`SplineDesign[tmp1, ]29` = 5.15890222275005, `SplineDesign[tmp1, ]30` = 6.25033453087003, 
`SplineDesign[tmp1, ]31` = 0.863843500835023, `SplineDesign[tmp1, ]32` = 7.57860189483768, 
`SplineDesign[tmp1, ]33` = 5.74368355977737, `SplineDesign[tmp1, ]34` = 5.19516999602239, 
`SplineDesign[tmp1, ]35` = -0.547620452701464, `SplineDesign[tmp1, ]36` = 439.006395972239, 
`SplineDesign[tmp1, ]37` = 64.1695492062975, `SplineDesign[tmp1, ]38` = 10.6936767487702, 
`SplineDesign[tmp1, ]39` = 10.6936767487702, `SplineDesign[tmp1, ]40` = 39.628449897002, 
`SplineDesign[tmp1, ]41` = -1.10754389172315, `SplineDesign[tmp1, ]42` = 12.0769013994581, 
`SplineDesign[tmp1, ]43` = 4.53911980927244, `SplineDesign[tmp1, ]44` = 6.32578350349068, 
`SplineDesign[tmp1, ]45` = 5.56777403523333, `SplineDesign[tmp1, ]46` = 2.68087185331062, 
`SplineDesign[tmp1, ]47` = 9.89282722632215, `SplineDesign[tmp1, ]48` = 7.00393658358123, 
`SplineDesign[tmp1, ]49` = 7.13906473584715, `SplineDesign[tmp1, ]50` = 5.91100313699748, 
`SplineDesign[tmp1, ]51` = 6.75796306634004, `SplineDesign[tmp1, ]52` = 5.79709701260949, 
`SplineDesign[tmp1, ]53` = 8.06523242886399, `SplineDesign[tmp1, ]54` = -4.90521675006681, 
`SplineDesign[tmp1, ]55` = 10.6936767487702, `SplineDesign[tmp1, ]56` = 10.6936767487702, 
`SplineDesign[tmp1, ]57` = 10.6936767487702, `SplineDesign[tmp1, ]58` = 10.6936767487702, 
`SplineDesign[tmp1, ]59` = 10.6936767487702, `SplineDesign[tmp1, ]60` = 10.6936767487702, 
`SplineDesign[tmp1, ]61` = 10.6936767487702, `SplineDesign[tmp1, ]62` = 10.6936767487702, 
`SplineDesign[tmp1, ]63` = 10.6936767487702, `SplineDesign[tmp1, ]64` = 10.6936767487702, 
`SplineDesign[tmp1, ]65` = 10.6936767487702, `SplineDesign[tmp1, ]66` = 10.6936767487702, 
`SplineDesign[tmp1, ]67` = 10.6936767487702, `SplineDesign[tmp1, ]68` = 10.6936767487702, 
`SplineDesign[tmp1, ]69` = 10.6936767487702, `SplineDesign[tmp1, ]70` = 10.6936767487702, 
`SplineDesign[tmp1, ]71` = 10.6936767487702, `SplineDesign[tmp1, ]72` = 10.6936767487702, 
`SplineDesign[tmp1, ]73` = 10.6936767487702, `SplineDesign[tmp1, ]74` = 10.6936767487702, 
`SplineDesign[tmp1, ]75` = 10.6936767487702, `SplineDesign[tmp1, ]76` = -36.1408188940196, 
`SplineDesign[tmp1, ]77` = 8.34742754919801, `SplineDesign[tmp1, ]78` = 4.65212928839368, 
`SplineDesign[tmp1, ]79` = 6.86559096516842, `SplineDesign[tmp1, ]80` = 4.17604194141476, 
`SplineDesign[tmp1, ]81` = 6.51413165195823, `SplineDesign[tmp1, ]82` = 2.70045679005934, 
`SplineDesign[tmp1, ]83` = 4.96998818125668, `SplineDesign[tmp1, ]84` = 6.2859274380688, 
`SplineDesign[tmp1, ]85` = 8.55357300317003, `SplineDesign[tmp1, ]86` = 5.42946657033379, 
`SplineDesign[tmp1, ]87` = 6.52970991748616, `SplineDesign[tmp1, ]88` = 5.46708201685311, 
`SplineDesign[tmp1, ]89` = 3.36903752304888, `SplineDesign[tmp1, ]90` = 4.62852287286115, 
`SplineDesign[tmp1, ]91` = 4.4667850405204, `SplineDesign[tmp1, ]92` = 5.27724388724427, 
`SplineDesign[tmp1, ]93` = 4.3368425665632, `SplineDesign[tmp1, ]94` = 7.57388727491659, 
`SplineDesign[tmp1, ]95` = 2.62260480224087, `SplineDesign[tmp1, ]96` = 5.1054664576915, 
`SplineDesign[tmp1, ]97` = 3.24883277755041, `SplineDesign[tmp1, ]98` = 5.74721738474994, 
`SplineDesign[tmp1, ]99` = 4.10042560138083, `SplineDesign[tmp1, ]100` = 4.36538751834154, 
`SplineDesign[tmp1, ]101` = 2.06029879450512, `SplineDesign[tmp1, ]102` = 3.19089622371517, 
`SplineDesign[tmp1, ]103` = 2.11848198678703, `SplineDesign[tmp1, ]104` = 2.18285155829805, 
`SplineDesign[tmp1, ]105` = 2.27280160343049, `SplineDesign[tmp1, ]106` = 1.85044455360387, 
`SplineDesign[tmp1, ]107` = 1.95973759145625)
tauU <-
0.000104825636022679
taueU <-
1.93117150403574
